for weights [0.9,0.95,0.99]:
ace_weights_normal = [8.646775355301198e-05,0.0004394933958112417,1.0476287990085702e-05]
ace_weights_corrected = [3.746823224462836e-06,1.159679628195881e-05, 1.447431157496082e-06]
ace_weights_optimal = [4.571917293813664e-06,0.0002625134470031239,0.0006677888570151188] #temp is 1.2114897966384888
high_weights_normal = [0.01698180983002568, 0.0207576992715943, 0.6999083058380118 ]
high_weights_corrected = [0.0037141136576503662, 0.005100238632243007, 0.013454871132759536]
high_weights_temp = [0.08892083303826573, 0.27145031415312043 ,0.6944566330090775 ] #temp = 1.5
high_weights_optimal = [0.0042832969020200045, 0.005214909036155473, 0.6982759438124291 ]

calibration curve for 0.95:
plt.figure(figsize=(16,5))
plt.plot([0, 1], [0, 1], linestyle='--')
plt.plot([0.01787899, 0.06084097, 0.12695154, 0.21899224, 0.32910987, 0.45636501, 0.58655733, 0.70221377, 0.79681949, 0.89037096], [0.        , 0.00308325, 0.01027749, 0.02674897, 0.02466598, 0.07399794, 0.08539095, 0.12024666, 0.23535457, 0.42548818], marker='.', label='before loss calibration', markersize=20)
plt.plot([0.00096161, 0.00341351, 0.00763551, 0.01463046, 0.02535834, 0.04271509, 0.07024016, 0.1115271 , 0.17362092, 0.31493377], [0.        , 0.00308325, 0.01027749, 0.02674897, 0.02466598, 0.07399794, 0.08539095, 0.12024666, 0.23535457, 0.42548818], marker='.', label='after loss calibration', markersize=20)
plt.plot([0.00175252, 0.14688401, 0.24403855, 0.35360007, 0.44558286, 0.54535745, 0.6454074 , 0.7506635 , 0.85387996, 0.99509913], [3.56421528e-04, 1.56250000e-02, 7.27272727e-02, 5.88235294e-02, 4.00000000e-02, 2.00000000e-01, 1.51515152e-01, 1.62162162e-01, 2.39130435e-01, 9.47580645e-01], marker='.', label='temperature-scaled', markersize=20 )
plt.legend(); plt.title('Calibration Curve (w_c = 0.95)'); plt.ylabel('fraction of positive'); plt.xlabel('confidence scores')

weight = [.5,.75,.9,.99]
uncorrected_ece = [0.010185911356651879,0.005216536030172967,0.01698180983002568,0.6999083058380118]
corrected_ece = [0.010185911356651879,0.002627485647066075  ,0.0037141136576503662,0.013454871132759536]

extra_weights = [0.6, 0.8, 0.95]
uncorrected = [0.003587286844533971, 0.006623338852292294, 0.0207576992715943]
corrected = [0.0033396202603427844, 0.0028694713906138127, 0.005100238632243007]

